51.95675 24.973843
51.95675 3.1740496
30.15696 3.1740496
30.15696 24.973843
51.95675 24.973843
51.95675 24.973843

58.13045 -24.90408
69.06523 -3.0345309
80.0 -24.90408
58.13045 -24.90408

69.06523 24.991282
71.26105 24.769709
73.30665 24.13428
75.1581 23.128931
76.771454 21.79761
78.102776 20.184258
79.108116 18.332806
79.743546 16.287203
79.96512 14.091386
79.743546 11.895569
79.108116 9.849964
78.102776 7.9985127
76.771454 6.3851604
75.1581 5.053839
73.30665 4.0484943
71.26105 3.413065
69.06523 3.1914902
66.86941 3.413065
64.82381 4.0484943
62.972355 5.053839
61.359 6.3851604
60.02768 7.9985127
59.022335 9.849964
58.386906 11.895569
58.16533 14.091386
58.387623 16.287203
59.024788 18.332806
60.03228 20.184258
61.36554 21.79761
62.980022 23.128931
64.83116 24.13428
66.87441 24.769709
69.06523 24.991282
69.06523 24.991282

30.000002 -2.8426924
52.14859 -24.99128

52.14859 -2.8426924
30.000002 -24.99128
