43.811787 -36.563007
66.285416 -36.563007
66.285416 -42.406994
56.846203 -42.406994
56.846203 -44.156017
66.285416 -44.156017
66.285416 -50.0
43.811787 -50.0
43.811787 -44.156017
51.84899 -44.156017
51.84899 -42.406994
43.811787 -42.406994
43.811787 -36.563007
43.811787 -36.563007

57.40144 -21.68239
57.40144 -28.942236
61.385338 -28.942236
62.412582 -28.89717
62.995556 -28.761786
63.35646 -28.067724
62.877556 -27.214035
62.174816 -27.05271
61.65557 -27.01234
61.02441 -26.998878
58.59523 -26.998878
58.59523 -21.68239
59.95559 -21.68239
60.75983 -21.695852
61.465164 -21.736221
62.071598 -21.803463
62.579124 -21.897547
63.526512 -22.256767
64.02363 -22.544336
64.53637 -22.903921
65.02438 -23.326004
65.44733 -23.801027
65.8052 -24.328957
66.098 -24.909752
66.32574 -25.555712
66.48841 -26.27883
66.58601 -27.079136
66.61855 -27.956663
66.58644 -28.8191
66.49011 -29.629436
66.329605 -30.387674
66.10494 -31.093811
65.82433 -31.736311
65.49595 -32.30329
65.11983 -32.794746
64.696 -33.21068
64.23707 -33.559925
63.75559 -33.85099
63.251534 -34.0839
62.72487 -34.2587
62.12587 -34.386234
61.404503 -34.477333
60.56077 -34.531994
59.59466 -34.550217
54.222668 -34.550217
53.634773 -34.540028
53.07877 -34.509453
52.062405 -34.38715
51.173576 -34.183277
50.41228 -33.897797
49.755543 -33.519608
49.18037 -33.037254
48.68673 -32.450752
48.27459 -31.760107
47.949726 -30.989767
47.71764 -30.163857
47.57837 -29.28238
47.531937 -28.34533
47.545925 -27.768324
47.5879 -27.217117
47.755775 -26.192099
48.03557 -25.27028
48.427273 -24.451672
48.911377 -23.742062
49.46836 -23.146927
50.098217 -22.66627
50.80095 -22.300097
51.61519 -22.029896
52.57952 -21.836857
53.117966 -21.769281
53.693924 -21.721012
54.30739 -21.692045
54.95835 -21.68239
57.40144 -21.68239
57.40144 -21.68239

54.40312 -27.304272
53.05664 -27.304272
52.405148 -27.313831
51.88026 -27.342485
51.210438 -27.456957
50.794006 -28.081606
51.147964 -28.803432
51.80216 -28.90758
52.35437 -28.933578
53.056618 -28.942236
54.403095 -28.942236
54.403095 -27.304272
54.40312 -27.304272

43.811787 -14.075521
66.285416 -14.075521
66.285416 -19.850092
43.811787 -19.850092
43.811787 -14.075521
43.811787 -14.075521

43.811787 -6.2881813
66.285416 -6.2881813
66.285416 -12.062749
43.811787 -12.062749
43.811787 -6.2881813
43.811787 -6.2881813

54.333706 8.411989
58.845093 8.411989
59.445602 8.408084
60.004673 8.396373
60.998497 8.349522
61.826576 8.271436
62.48891 8.162125
63.058975 8.00161
63.609905 7.7699428
64.1417 7.4671535
64.65437 7.0932765
65.12464 6.654652
65.52893 6.1579404
65.86725 5.6031456
66.13965 4.9902673
66.349174 4.324353
66.49883 3.6107795
66.58862 2.8495102
66.61855 2.0405133
66.59294 1.1459898
66.51613 0.32266855
66.38816 -0.42948994
66.20906 -1.1105175
65.97836 -1.7200056
65.69556 -2.2574944
65.36065 -2.7229564
64.97365 -3.1163476
64.53906 -3.4482617
64.06105 -3.728944
63.53962 -3.958394
62.97476 -4.1366043
62.315033 -4.2702665
61.50864 -4.3656974
60.55559 -4.422932
60.02407 -4.437233
59.455883 -4.4420023
54.736256 -4.4420023
54.111855 -4.4333277
53.522583 -4.407311
52.968433 -4.363945
52.449413 -4.3032293
51.516754 -4.1297135
50.724594 -3.8867438
50.03839 -3.55366
49.42328 -3.1094847
48.87928 -2.554214
48.406425 -1.887852
48.02383 -1.1157628
47.750546 -0.2429817
47.58657 0.73046356
47.545578 1.2549204
47.531914 1.8045294
47.567047 2.7149992
47.67246 3.5587149
47.848137 4.335653
48.09409 5.0457773
48.396454 5.683863
48.74134 6.244724
49.12872 6.728396
49.558544 7.134902
50.013206 7.47364
50.474747 7.754302
51.418633 8.141278
51.96001 8.259705
52.626316 8.344304
53.417545 8.395068
54.333706 8.411989
54.333706 8.411989

52.94558 2.8039873
52.303154 2.7944283
51.791744 2.7657752
51.16185 2.6513019
50.794006 1.9988878
51.16185 1.3325932
51.791744 1.207661
52.303154 1.176431
52.94558 1.1660235
61.260418 1.1660235
61.856056 1.1764349
62.33799 1.2076689
62.960854 1.3325932
63.35646 1.9850073
62.995556 2.6443598
62.42652 2.7640347
61.440865 2.8039873
52.94558 2.8039873
52.94558 2.8039873

43.811787 15.435852
43.811787 25.180462
48.309296 25.180462
48.309296 21.279861
52.570797 21.279861
52.570797 24.930622
56.846203 24.930622
56.846203 21.279861
61.787907 21.279861
61.787907 25.569155
66.285416 25.569155
66.285416 15.4359
43.811787 15.4359
43.811787 15.435852

62.454205 39.172688
66.285416 39.172688
66.285416 26.83233
63.078854 26.835787
62.52509 27.174128
61.984673 27.50377
61.45761 27.82473
60.9439 28.137007
60.443542 28.440586
59.956535 28.735481
59.48288 29.021687
59.02258 29.299202
58.14203 29.828165
57.314884 30.322376
56.54115 30.781832
55.82082 31.206532
55.1539 31.596485
54.540386 31.951677
53.98028 32.272114
53.47358 32.557796
52.620403 33.024902
51.980854 33.35299
51.462845 33.595337
50.974102 33.80538
50.08443 34.12855
49.311836 34.322475
48.656315 34.387123
47.856453 34.3089
47.289013 34.07434
46.950706 33.679825
46.837875 33.12222
46.962807 32.564423
47.337605 32.170094
48.083755 31.935446
48.641613 31.876831
49.32261 31.85731
51.4603 31.85731
51.4603 26.83233
50.64132 26.83233
49.747353 26.844461
48.953106 26.880867
48.258587 26.94159
47.6638 27.026665
47.121197 27.15934
46.58289 27.363197
46.048878 27.638239
45.519165 27.984476
45.023827 28.394762
44.59264 28.86237
44.22563 29.387274
43.922825 29.969477
43.68598 30.61057
43.5168 31.312437
43.415287 32.075066
43.381447 32.89841
43.40737 33.709236
43.48514 34.46909
43.61475 35.17799
43.796196 35.835926
44.029472 36.44291
44.31458 36.998928
44.651512 37.503994
45.04026 37.958096
45.46877 38.35986
45.924805 38.708065
46.40837 39.002705
46.919476 39.243793
47.458115 39.43131
48.0243 39.56525
48.61803 39.645622
49.239315 39.672417
50.218006 39.6121
51.224415 39.431156
51.738014 39.29546
52.258545 39.12961
52.786003 38.9336
53.32039 38.707455
53.933804 38.407562
54.698162 37.990337
55.136948 37.737724
55.61347 37.455776
56.127724 37.144497
56.679718 36.803883
57.26945 36.433933
57.89692 36.034645
58.562126 35.60603
59.265064 35.14807
60.005745 34.660778
60.78416 34.14415
61.600315 33.598183
62.454205 33.02288
62.454205 39.172688
62.454205 39.172688

43.811787 50.0
66.285416 50.0
66.285416 44.391994
54.23655 44.391994
53.616703 44.39004
53.061916 44.38419
52.14752 44.360767
51.493347 44.321724
51.0994 44.267075
50.63616 44.03282
50.301243 43.579956
50.09823 42.672432
50.047474 41.95971
50.030556 41.074398
50.030556 40.51914
47.410477 40.51914
47.162792 41.505314
46.857353 42.430332
46.494152 43.294205
46.073196 44.096916
45.59448 44.838486
45.058006 45.518894
44.463776 46.13815
43.811787 46.696255
43.811787 50.0
43.811787 50.0
