30.183462 1.4973174
30.022932 0.32446986
29.999998 -2.0670917
31.99638 -2.3447413
34.07876 -3.069581
36.04811 -4.079444
37.705414 -5.2121587
39.55314 -6.6307144
41.32224 -7.5971665
42.00367 -5.526665
41.531906 -3.403744
43.41895 -1.5691237
42.760452 0.12462593
41.767788 1.9166597
41.42707 4.0821676
40.614597 5.7955737
39.10431 4.757047
37.417114 3.5416088
34.501373 3.2500365
31.86083 2.545671
30.20967 1.7331965
30.183462 1.4973174
30.183462 1.4973174

37.73162 -6.1818867
37.751274 -8.298254
37.864304 -10.140248
38.124756 -11.790588
38.9274 -13.43192
40.06421 -14.857028
40.667015 -15.197744
40.74851 -16.929169
41.102737 -18.532825
41.89433 -20.048025
43.287903 -21.514084
44.5993 -22.516562
45.98276 -23.403479
47.43049 -24.178446
48.93469 -24.84507
50.48757 -25.406961
52.081345 -25.86773
53.708206 -26.23098
55.36037 -26.500326
57.030045 -26.679373
58.709427 -26.771732
60.39073 -26.78101
62.066162 -26.710815
63.72792 -26.56476
65.368225 -26.34645
66.97927 -26.059496
68.55327 -25.707506
71.429695 -24.688637
73.71642 -22.745903
74.2406 -20.282269
73.847466 -19.155285
75.47241 -18.866987
76.569916 -17.70397
77.56913 -16.403353
78.5065 -14.3938675
79.15149 -11.92491
79.55568 -9.3822365
79.770676 -7.1516166
79.89762 -5.61553
80.0 -3.8460205
79.954956 -2.0912538
79.63963 -0.5993938
78.56506 1.7331965
77.75259 2.6242988
78.96721 3.82745
79.46927 6.5687375
79.49957 9.545901
79.29891 11.456692
78.72928 13.46249
77.96554 15.55183
77.01014 17.552717
75.86555 19.29315
73.795044 20.787058
72.64185 21.127773
72.055435 23.17534
70.61845 24.632801
69.68025 25.399822
67.088486 26.30413
64.44052 26.742207
61.761227 26.781008
59.07548 26.48749
56.408165 25.928606
53.784153 25.171312
51.228325 24.282566
48.76556 23.32932
47.246315 22.643744
45.879715 21.864489
43.52706 20.023722
41.552795 17.804567
39.802124 15.204562
39.40899 12.590229
38.779976 10.722843
37.744724 8.54423
37.181236 6.0314546
37.259857 3.6202366

73.45433 21.049145
70.92845 21.481594
68.71093 21.778896
66.69244 21.914038
64.3234 21.867353
61.97156 21.71747
59.634468 21.449652
57.309658 21.049145
54.846024 20.262878

74.581314 -19.364956
74.05714 -19.181494
72.432594 -19.490677
70.81051 -19.885859
69.17368 -20.276125
67.50491 -20.570564
65.3177 -20.842484
63.098545 -21.05543
60.874474 -21.13078
58.67252 -20.989906
56.805138 -20.678679
54.977066 -20.308475
54.1908 -20.177433

77.673965 2.3884177
75.05307 2.7291343

53.74525 9.936579
55.40296 7.269825
56.561066 5.9339905
57.65037 4.799636
60.061592 2.7291343
59.963715 4.3282857
59.71105 6.146119
59.365005 7.9590354
58.987026 9.543446
58.59389 11.613947
56.585636 11.289614
54.714977 10.591802
53.16865 10.408337
53.74525 9.936579
53.74525 9.936579

59.956757 -2.2767627
59.629143 -4.0327573
59.301533 -6.2605143
59.20325 -7.977196
59.222908 -9.615251
59.275322 -9.955967
57.79452 -9.176251
56.07784 -8.278598
53.273487 -7.256452
55.288296 -5.8378963
57.755207 -4.163803
59.956757 -2.2767627
59.956757 -2.2767627

66.92832 -10.349099
68.72035 -9.300743
70.964485 -7.3874955
68.76294 -6.496393
70.309265 -5.552873
71.94609 -4.1244903
72.16026 -2.5191953
71.98622 -0.6878487
72.4584 1.4186897
72.252 4.39995
70.020966 5.769366
71.8818 7.315689
70.62377 8.862013
68.85795 10.771987
66.56139 11.954664
65.1199 12.374006
65.64081 9.94313
66.37793 7.4729447
66.84969 4.6161747
66.84969 4.196832
68.710526 3.489191
69.18228 2.8339698
67.32145 1.3400642
67.19041 -1.4118705
66.771065 -2.722315
68.13393 -3.0892375
68.84157 -3.456162
66.80055 -5.0876665
66.353775 -6.618429
65.80133 -8.173762
64.674355 -10.6898155
64.307434 -11.5285
66.92832 -10.349099
66.92832 -10.349099
