51.598076 17.935404
50.383755 16.89824
50.21245 14.894518
51.395752 13.508524
52.407555 14.216747
52.8122 17.050028
51.598076 17.935404
51.598076 17.935404

56.40443 17.581293
56.05032 17.303076
55.69601 15.785177
57.71981 13.103685
58.463623 14.759636
58.377506 16.695913
56.96086 17.758251
56.40443 17.581293
56.40443 17.581293

54.608295 11.7883005
54.27955 11.889559
53.470066 9.865761
55.39261 10.219871
54.608295 11.7883005
54.608295 11.7883005

47.04457 13.255475
47.297623 14.267471
47.77108 16.925077
48.309425 19.57973
49.615047 21.796633
51.905586 23.39461
54.611534 24.274101
57.16338 24.335554
59.599934 23.089981
60.976513 20.786259
61.72401 18.018427
62.273315 15.380533
62.70984 12.909497
64.39818 11.687041
66.82745 12.226825
69.35684 12.515989
71.89865 12.909265
74.3652 13.761374
75.493 14.782991
76.991615 16.417356
79.42441 17.758251
80.0 15.386804
79.609085 12.365479
78.70845 9.38441
77.75491 7.1337366
76.29039 5.228965
75.02289 3.237925
74.39615 0.7518501
73.70515 -1.749393
72.66112 -4.084262
70.97529 -6.071206
68.48267 -5.584181
66.21966 -5.4640455
65.09445 -7.935945
64.466354 -10.810145
63.728325 -13.578946
62.273315 -15.734645
60.466534 -15.64447
58.883602 -14.368534
58.42823 -14.216743
57.48356 -16.420588
56.661903 -19.699223
55.268826 -22.766323
52.60988 -24.335552
50.083813 -23.722157
47.964897 -21.786337
46.28388 -19.29111
45.0715 -16.999495
43.907906 -14.570855
43.654858 -13.559053
41.529995 -15.532324
40.53878 -14.443904
39.606075 -12.365207
38.863747 -10.099265
38.443665 -8.449119
38.224552 -7.138793
37.88539 -5.0390544
37.28007 -2.074331
35.40806 -3.0861335
34.562122 -1.3607525
33.91533 0.27957997
33.211506 2.1611886
32.519802 4.076217
31.909367 5.8168073
31.208866 7.943217
30.758696 9.927829
30.263054 12.781498
29.999998 15.61921
30.247595 17.555927
30.905285 18.871313
32.240715 17.590263
33.526905 16.484934
36.118126 14.741131
39.012054 13.519351
40.676632 13.066545
42.541798 12.699041
45.807667 12.785946
47.499943 15.228744
